
  "P01_E01" = ZONA
  NombreFichero = "P01_E01.rcc"
  Area_m2 = 64.000000
  Volumen_m3 = 35.200001
  Factores_peso_p = ( 1.000000, -0.980662 )
  Factores_peso_g = ( 278.016357, -291.103333, 5.867768, 2.246196, 1.193462, 0.782291, 0.572748, 0.444528, 0.357183, 0.293861, 0.246110, 0.209082, 0.179744, 0.156069, 0.136678, 0.120579, 0.107061, 0.095577, 0.085719, 0.077183, 0.069734, 0.063194, 0.057415, 0.052285 )
  UAext_W_K = 52.161781
  Zonas_Adyacentes = ( "P02_E01")
  UAint_W_K = ( 25.506142)
..

  "P02_E01" = ZONA
  NombreFichero = "P02_E01.rcc"
  Area_m2 = 64.000000
  Volumen_m3 = 227.200001
  Factores_peso_p = ( 1.000000, -0.976027 )
  Factores_peso_g = ( 313.688477, -335.707794, 10.439590, 4.748824, 2.409986, 1.380324, 0.894171, 0.644546, 0.503021, 0.413822, 0.351809, 0.305127, 0.267896, 0.237020, 0.210752, 0.188039, 0.168167, 0.150645, 0.135110, 0.121282, 0.108974, 0.097980, 0.088139, 0.079311 )
  UAext_W_K = 144.343201
  Zonas_Adyacentes = ( "P01_E01")
  UAint_W_K = ( 25.506142)
..

  "P03_E02" = ZONA
  NombreFichero = "P03_E02.rcc"
  Area_m2 = 64.000000
  Volumen_m3 = 3.200001
  Factores_peso_p = ( 1.000000, -0.979826 )
  Factores_peso_g = ( 171.366638, -179.036591, 4.426136, 1.726511, 0.857651, 0.478723, 0.283628, 0.173717, 0.108705, 0.069179, 0.044722, 0.029396, 0.019688, 0.013473, 0.009449, 0.006808, 0.005048, 0.003854, 0.003029, 0.002444, 0.002025, 0.001716, 0.001483, 0.001300 )
  UAext_W_K = 170.652832
..
