
  "P01_E01" = ZONA
  NombreFichero = "P01_E01.rcc"
  Area_m2 = 64.000000
  Volumen_m3 = 35.200001
  Factores_peso_p = ( 1.000000, -0.983280 )
  Factores_peso_g = ( 275.671844, -290.928009, 6.980357, 2.750992, 1.403449, 0.872197, 0.616120, 0.469797, 0.374997, 0.308182, 0.258454, 0.220078, 0.189689, 0.165144, 0.145003, 0.128257, 0.114187, 0.102224, 0.091958, 0.083077, 0.075342, 0.068553, 0.062554, 0.057223 )
  UAext_W_K = 41.267933
  Zonas_Adyacentes = ( "P02_E01")
  UAint_W_K = ( 25.506142)
..

  "P02_E01" = ZONA
  NombreFichero = "P02_E01.rcc"
  Area_m2 = 64.000000
  Volumen_m3 = 227.200001
  Factores_peso_p = ( 1.000000, -0.975940 )
  Factores_peso_g = ( 315.006653, -336.554291, 10.352164, 4.703092, 2.384395, 1.364763, 0.883789, 0.636952, 0.497020, 0.408805, 0.347453, 0.301253, 0.264405, 0.233842, 0.207847, 0.185373, 0.165717, 0.148393, 0.133034, 0.119373, 0.107211, 0.096359, 0.086647, 0.077936 )
  UAext_W_K = 141.699356
  Zonas_Adyacentes = ( "P01_E01")
  UAint_W_K = ( 25.506142)
..

  "P03_E02" = ZONA
  NombreFichero = "P03_E02.rcc"
  Area_m2 = 64.000000
  Volumen_m3 = 26.112000
  Factores_peso_p = ( 1.000000, -0.971912 )
  Factores_peso_g = ( 154.795441, -180.146408, 9.551753, 6.090415, 3.929565, 2.552265, 1.666591, 1.093984, 0.722185, 0.479766, 0.321017, 0.216559, 0.147457, 0.101466, 0.070647, 0.049833, 0.035652, 0.025893, 0.019103, 0.014320, 0.010913, 0.008453, 0.006649, 0.005306 )
  UAext_W_K = 212.428543
..
