Nombre
 A U p f fv angNorte tilt tipo codigo0 codigo1
94 20
"P01_E01_PE001_V"
 47.999996 2.202200 9.000000 0.656410 0.656410 180.000000 90.000000 1 0 -1
"P01_E01_PE001"
 57.000004 0.395045 248.960007 0.000000 0.000000 180.000000 90.000000 0 1 -1
"P01_E01_Med001"
 29.698484 2.483871 84.000000 0.000000 0.000000 45.000000 90.000000 -4 -2 -1
"P01_E01_Med002"
 63.000000 2.483871 84.000000 0.000000 0.000000 0.000000 90.000000 -4 -5 -1
"P01_E01_Med003"
 29.698484 2.483871 84.000000 0.000000 0.000000 315.000000 90.000000 -4 -4 -1
"P01_E01_MED002"
 144.000015 1.765179 395.000000 0.000000 0.000000 270.000000 0.000000 -2 -1 -1
"P02_E01_FI009"
 144.000015 1.765179 395.000000 0.000000 0.000000 90.000000 180.000000 -5 -1 -6
"P01_E01Suelo_001"
 144.000015 0.319795 3.000000 0.000000 0.000000 270.000000 180.000000 -3 6 -1
"P01_E02_PE002_V"
 47.999996 2.202200 9.000000 0.656410 0.656410 90.000000 90.000000 1 7 -2
"P01_E02_PE002"
 57.000004 0.395045 248.960007 0.000000 0.000000 90.000000 90.000000 0 8 -2
"P01_E02_Med004"
 29.698484 2.483871 84.000000 0.000000 0.000000 315.000000 90.000000 -4 -3 -2
"P01_E02_Med005"
 63.000000 2.483871 84.000000 0.000000 0.000000 270.000000 90.000000 -4 -5 -2
"P01_E02_MED002"
 144.000000 1.765179 395.000000 0.000000 0.000000 270.000000 0.000000 -2 -2 -2
"P02_E02_FI010"
 144.000000 1.765179 395.000000 0.000000 0.000000 270.000000 180.000000 -5 -2 -7
"P01_E02Suelo_002"
 144.000000 0.319795 3.000000 0.000000 0.000000 270.000000 180.000000 -3 12 -2
"P01_E03_PE001_V"
 47.999996 2.202200 9.000000 0.656410 0.656410 0.000000 90.000000 1 13 -3
"P01_E03_PE001"
 57.000004 0.395045 248.960007 0.000000 0.000000 0.000000 90.000000 0 14 -3
"P01_E03_Med001"
 63.000000 2.483871 84.000000 0.000000 0.000000 180.000000 90.000000 -4 -5 -3
"P01_E03_Med003"
 29.698484 2.483871 84.000000 0.000000 0.000000 225.000000 90.000000 -4 -4 -3
"P01_E03_MED002"
 144.000031 1.765179 395.000000 0.000000 0.000000 270.000000 0.000000 -2 -3 -3
"P02_E03_FI011"
 144.000015 1.765179 395.000000 0.000000 0.000000 90.000000 180.000000 -5 -3 -8
"P01_E03Suelo_003"
 144.000015 0.319795 3.000000 0.000000 0.000000 270.000000 180.000000 -3 18 -3
"P01_E04_PE001_V"
 47.999996 2.202200 9.000000 0.656410 0.656410 270.000000 90.000000 1 19 -4
"P01_E04_PE001"
 57.000004 0.395045 248.960007 0.000000 0.000000 270.000000 90.000000 0 20 -4
"P01_E04_Med002"
 63.000000 2.483871 84.000000 0.000000 0.000000 90.000000 90.000000 -4 -5 -4
"P01_E04_MED002"
 144.000000 1.765179 395.000000 0.000000 0.000000 270.000000 0.000000 -2 -4 -4
"P02_E04_FI012"
 144.000000 1.765179 395.000000 0.000000 0.000000 270.000000 180.000000 -5 -4 -9
"P01_E04Suelo_004"
 144.000000 0.319795 3.000000 0.000000 0.000000 90.000000 180.000000 -3 23 -4
"P01_E05_MED002"
 324.000031 1.765179 395.000000 0.000000 0.000000 270.000000 0.000000 -2 -5 -5
"P02_E05_FI013"
 324.000031 1.765179 395.000000 0.000000 0.000000 90.000000 180.000000 -5 -5 -10
"P01_E05Suelo_005"
 324.000031 0.319796 4.000000 0.000000 0.000000 270.000000 180.000000 -3 25 -5
"P02_E01_PE001_V"
 47.999996 2.202200 9.000000 0.656410 0.656410 180.000000 90.000000 1 26 -6
"P02_E01_PE001"
 42.000004 0.395045 248.960007 0.000000 0.000000 180.000000 90.000000 0 27 -6
"P02_E01_Med001"
 25.455845 2.483871 84.000000 0.000000 0.000000 45.000000 90.000000 -4 -7 -6
"P02_E01_Med002"
 54.000000 2.483871 84.000000 0.000000 0.000000 0.000000 90.000000 -4 -10 -6
"P02_E01_Med003"
 25.455845 2.483871 84.000000 0.000000 0.000000 315.000000 90.000000 -4 -9 -6
"P03_E06_FI022"
 144.000015 1.765179 395.000000 0.000000 0.000000 90.000000 180.000000 -5 -6 -11
"P02_E02_PE002_V"
 47.999996 2.202200 9.000000 0.656410 0.656410 90.000000 90.000000 1 32 -7
"P02_E02_PE002"
 42.000004 0.395045 248.960007 0.000000 0.000000 90.000000 90.000000 0 33 -7
"P02_E02_Med004"
 25.455845 2.483871 84.000000 0.000000 0.000000 315.000000 90.000000 -4 -8 -7
"P02_E02_Med005"
 54.000000 2.483871 84.000000 0.000000 0.000000 270.000000 90.000000 -4 -10 -7
"P03_E07_FI023"
 144.000000 1.765179 395.000000 0.000000 0.000000 90.000000 180.000000 -5 -7 -12
"P02_E03_PE003_V"
 47.999996 2.202200 9.000000 0.656410 0.656410 0.000000 90.000000 1 37 -8
"P02_E03_PE003"
 42.000004 0.395045 248.960007 0.000000 0.000000 0.000000 90.000000 0 38 -8
"P02_E03_Med006"
 54.000000 2.483871 84.000000 0.000000 0.000000 180.000000 90.000000 -4 -10 -8
"P02_E03_Med007"
 25.455845 2.483871 84.000000 0.000000 0.000000 225.000000 90.000000 -4 -9 -8
"P03_E08_FI024"
 144.000015 1.765179 395.000000 0.000000 0.000000 90.000000 180.000000 -5 -8 -13
"P02_E04_PE004_V"
 47.999996 2.202200 9.000000 0.656410 0.656410 270.000000 90.000000 1 42 -9
"P02_E04_PE004"
 42.000004 0.395045 248.960007 0.000000 0.000000 270.000000 90.000000 0 43 -9
"P02_E04_Med008"
 54.000000 2.483871 84.000000 0.000000 0.000000 90.000000 90.000000 -4 -10 -9
"P03_E09_FI025"
 144.000000 1.765179 395.000000 0.000000 0.000000 90.000000 180.000000 -5 -9 -14
"P03_E10_FI026"
 324.000031 1.765179 395.000000 0.000000 0.000000 90.000000 180.000000 -5 -10 -15
"P03_E06_PE005_V"
 48.000011 2.202199 9.000000 0.656410 0.656410 180.000000 90.000000 1 47 -11
"P03_E06_PE005"
 41.999989 0.395045 248.960007 0.000000 0.000000 180.000000 90.000000 0 48 -11
"P03_E06_Med014"
 25.455845 2.483871 84.000000 0.000000 0.000000 45.000000 90.000000 -4 -12 -11
"P03_E06_Med015"
 54.000000 2.483871 84.000000 0.000000 0.000000 0.000000 90.000000 -4 -15 -11
"P03_E06_Med016"
 25.455845 2.483871 84.000000 0.000000 0.000000 315.000000 90.000000 -4 -14 -11
"P04_E11_FI035"
 144.000015 1.765179 395.000000 0.000000 0.000000 90.000000 180.000000 -5 -11 -16
"P03_E07_PE006_V"
 48.000011 2.202199 9.000000 0.656410 0.656410 90.000000 90.000000 1 53 -12
"P03_E07_PE006"
 41.999989 0.395045 248.960007 0.000000 0.000000 90.000000 90.000000 0 54 -12
"P03_E07_Med017"
 25.455845 2.483871 84.000000 0.000000 0.000000 315.000000 90.000000 -4 -13 -12
"P03_E07_Med018"
 54.000000 2.483871 84.000000 0.000000 0.000000 270.000000 90.000000 -4 -15 -12
"P04_E12_FI036"
 144.000000 1.765179 395.000000 0.000000 0.000000 90.000000 180.000000 -5 -12 -17
"P03_E08_PE007_V"
 48.000011 2.202199 9.000000 0.656410 0.656410 0.000000 90.000000 1 58 -13
"P03_E08_PE007"
 41.999989 0.395045 248.960007 0.000000 0.000000 0.000000 90.000000 0 59 -13
"P03_E08_Med019"
 54.000000 2.483871 84.000000 0.000000 0.000000 180.000000 90.000000 -4 -15 -13
"P03_E08_Med020"
 25.455845 2.483871 84.000000 0.000000 0.000000 225.000000 90.000000 -4 -14 -13
"P04_E13_FI037"
 144.000015 1.765179 395.000000 0.000000 0.000000 90.000000 180.000000 -5 -13 -18
"P03_E09_PE008_V"
 48.000011 2.202199 9.000000 0.656410 0.656410 270.000000 90.000000 1 63 -14
"P03_E09_PE008"
 41.999989 0.395045 248.960007 0.000000 0.000000 270.000000 90.000000 0 64 -14
"P03_E09_Med021"
 54.000000 2.483871 84.000000 0.000000 0.000000 90.000000 90.000000 -4 -15 -14
"P04_E14_FI038"
 144.000000 1.765179 395.000000 0.000000 0.000000 90.000000 180.000000 -5 -14 -19
"P04_E15_FI039"
 324.000031 1.765179 395.000000 0.000000 0.000000 90.000000 180.000000 -5 -15 -20
"P04_E11_PE009_V"
 48.000011 2.202199 9.000000 0.656410 0.656410 180.000000 90.000000 1 68 -16
"P04_E11_PE009"
 41.999989 0.395045 248.960007 0.000000 0.000000 180.000000 90.000000 0 69 -16
"P04_E11_CUB001"
 144.000015 0.228816 370.899994 0.000000 0.000000 270.000000 0.000000 0 70 -16
"P04_E11_Med027"
 25.455845 2.483871 84.000000 0.000000 0.000000 45.000000 90.000000 -4 -17 -16
"P04_E11_Med028"
 54.000000 2.483871 84.000000 0.000000 0.000000 0.000000 90.000000 -4 -20 -16
"P04_E11_Med029"
 25.455845 2.483871 84.000000 0.000000 0.000000 315.000000 90.000000 -4 -19 -16
"P04_E12_PE010_V"
 48.000011 2.202199 9.000000 0.656410 0.656410 90.000000 90.000000 1 75 -17
"P04_E12_PE010"
 41.999989 0.395045 248.960007 0.000000 0.000000 90.000000 90.000000 0 76 -17
"P04_E12_CUB001"
 144.000000 0.228816 370.899994 0.000000 0.000000 270.000000 0.000000 0 77 -17
"P04_E12_Med030"
 25.455845 2.483871 84.000000 0.000000 0.000000 315.000000 90.000000 -4 -18 -17
"P04_E12_Med031"
 54.000000 2.483871 84.000000 0.000000 0.000000 270.000000 90.000000 -4 -20 -17
"P04_E13_PE011_V"
 48.000011 2.202199 9.000000 0.656410 0.656410 0.000000 90.000000 1 81 -18
"P04_E13_PE011"
 41.999989 0.395045 248.960007 0.000000 0.000000 0.000000 90.000000 0 82 -18
"P04_E13_CUB001"
 144.000031 0.228816 370.899994 0.000000 0.000000 270.000000 0.000000 0 83 -18
"P04_E13_Med032"
 54.000000 2.483871 84.000000 0.000000 0.000000 180.000000 90.000000 -4 -20 -18
"P04_E13_Med033"
 25.455845 2.483871 84.000000 0.000000 0.000000 225.000000 90.000000 -4 -19 -18
"P04_E14_PE012_V"
 48.000011 2.202199 9.000000 0.656410 0.656410 270.000000 90.000000 1 87 -19
"P04_E14_PE012"
 41.999989 0.395045 248.960007 0.000000 0.000000 270.000000 90.000000 0 88 -19
"P04_E14_CUB001"
 144.000000 0.228816 370.899994 0.000000 0.000000 270.000000 0.000000 0 89 -19
"P04_E14_Med034"
 54.000000 2.483871 84.000000 0.000000 0.000000 90.000000 90.000000 -4 -20 -19
"P04_E15_CUB001"
 324.000031 0.228816 370.899994 0.000000 0.000000 270.000000 0.000000 0 92 -20
"P01_E01"
 -1 1 144.000000 1.349851
"P01_E02"
 -2 1 144.000000 1.349851
"P01_E03"
 -3 1 144.000000 1.349851
"P01_E04"
 -4 1 144.000000 1.349851
"P01_E05"
 -5 1 324.000000 1.349851
"P02_E01"
 -6 1 144.000000 1.349851
"P02_E02"
 -7 1 144.000000 1.349851
"P02_E03"
 -8 1 144.000000 1.349851
"P02_E04"
 -9 1 144.000000 1.349851
"P02_E05"
 -10 1 324.000000 1.349851
"P03_E06"
 -11 1 144.000000 1.349851
"P03_E07"
 -12 1 144.000000 1.349851
"P03_E08"
 -13 1 144.000000 1.349851
"P03_E09"
 -14 1 144.000000 1.349851
"P03_E10"
 -15 1 324.000000 1.349851
"P04_E11"
 -16 1 144.000000 1.349851
"P04_E12"
 -17 1 144.000000 1.349851
"P04_E13"
 -18 1 144.000000 1.349851
"P04_E14"
 -19 1 144.000000 1.349851
"P04_E15"
 -20 1 324.000000 1.349851
