Nombre
 A U p f fv angNorte tilt tipo codigo0 codigo1
28 3
"P02_E01_FI001"
 63.999996 0.219246 525.075012 0.000000 0.000000 270.000000 180.000000 0 -1 -2
"P02_E01_PE001_V"
 11.000000 1.125000 9.000000 0.370779 0.370779 180.000000 90.000000 1 5 -2
"P02_E01_PE001"
 13.000000 0.215687 366.750000 0.000000 0.000000 180.000000 90.000000 0 6 -2
"P02_E01_PE002_V"
 6.600000 1.125000 9.000000 0.536477 0.536477 90.000000 90.000000 1 7 -2
"P02_E01_PE002"
 17.400000 0.215687 366.750000 0.000000 0.000000 90.000000 90.000000 0 8 -2
"P02_E01_PE003_V"
 6.600000 1.125000 9.000000 0.536477 0.536477 0.000000 90.000000 1 9 -2
"P02_E01_PE003"
 17.400000 0.215687 366.750000 0.000000 0.000000 0.000000 90.000000 0 10 -2
"P02_E01_PE004_V"
 2.200000 2.200000 60.000000 0.026400 0.026400 270.000000 90.000000 2 11 -2
"P02_E01_PE004_V2"
 2.200000 1.125000 9.000000 0.370779 0.370779 270.000000 90.000000 1 12 -2
"P02_E01_PE004"
 19.600000 0.215687 366.750000 0.000000 0.000000 270.000000 90.000000 0 13 -2
"P02_E01F001"
 63.999996 0.369712 518.375000 0.000000 0.000000 270.000000 0.000000 -2 -2 -2
"P03_E01_FI001"
 63.999996 0.369712 518.375000 0.000000 0.000000 270.000000 180.000000 -5 -2 -3
"P03_E01_PE001_V1"
 1.000000 1.280000 9.000000 0.396458 0.396458 180.000000 90.000000 1 16 -3
"P03_E01_PE001"
 11.000000 0.215687 366.750000 0.000000 0.000000 180.000000 90.000000 0 17 -3
"P03_E01_PE002_V1"
 1.000000 1.280000 9.000000 0.396458 0.396458 90.000000 90.000000 1 18 -3
"P03_E01_PE002_V2"
 1.000000 1.280000 9.000000 0.396458 0.396458 90.000000 90.000000 1 19 -3
"P03_E01_PE002"
 10.000000 0.215687 366.750000 0.000000 0.000000 90.000000 90.000000 0 20 -3
"P03_E01_PE003_V1"
 1.000000 1.280000 9.000000 0.573202 0.573202 0.000000 90.000000 1 21 -3
"P03_E01_PE003"
 11.000000 0.215687 366.750000 0.000000 0.000000 0.000000 90.000000 0 22 -3
"P03_E01_PE004"
 12.000000 0.215687 366.750000 0.000000 0.000000 270.000000 90.000000 0 23 -3
"P03_E01C001_V1"
 1.500000 1.280000 9.000000 0.396458 0.396458 180.000000 45.000008 1 24 -3
"P03_E01C001"
 21.127417 0.166815 259.375000 0.000000 0.000000 180.000000 45.000004 0 25 -3
"P03_E01C002_V1"
 1.500000 1.280000 9.000000 0.396458 0.396458 90.000000 45.000015 1 26 -3
"P03_E01C002_V2"
 1.500000 1.280000 9.000000 0.396458 0.396458 90.000000 45.000015 1 27 -3
"P03_E01C002"
 19.627417 0.166815 259.375000 0.000000 0.000000 90.000000 45.000004 0 28 -3
"P03_E01C003_V1"
 1.500000 1.280000 9.000000 0.573202 0.573202 0.000000 45.000015 1 29 -3
"P03_E01C003"
 21.127417 0.166815 259.375000 0.000000 0.000000 0.000000 45.000000 0 30 -3
"P03_E01C004"
 22.627417 0.166815 259.375000 0.000000 0.000000 270.000000 45.000000 0 31 -3
"P01_E01"
 -1 0 64.000000 0.000000
"P02_E01"
 -2 1 64.000000 4.812179
"P03_E01"
 -3 1 64.000000 4.812179
