
  "P01_E01" = ZONA
  NombreFichero = "P01_E01.rcc"
  Area_m2 = 64.000000
  Volumen_m3 = 35.200001
  Factores_peso_p = ( 1.000000, -0.984844 )
  Factores_peso_g = ( 278.016388, -292.266052, 6.120361, 2.365409, 1.272962, 0.846629, 0.629669, 0.496746, 0.405722, 0.339144, 0.288360, 0.248470, 0.216426, 0.190216, 0.168442, 0.150116, 0.134489, 0.121021, 0.109312, 0.099052, 0.090001, 0.081975, 0.074816, 0.068405 )
  UAext_W_K = 52.161781
  Zonas_Adyacentes = ( "P02_E01")
  UAint_W_K = ( 14.582475)
..

  "P02_E01" = ZONA
  NombreFichero = "P02_E01.rcc"
  Area_m2 = 64.000000
  Volumen_m3 = 227.200001
  Factores_peso_p = ( 1.000000, -0.980507 )
  Factores_peso_g = ( 331.413116, -364.182678, 13.798117, 5.795802, 3.371925, 2.335553, 1.744316, 1.347472, 1.059951, 0.843754, 0.677719, 0.548399, 0.446577, 0.365706, 0.301001, 0.248894, 0.206642, 0.172188, 0.143957, 0.120720, 0.101515, 0.085591, 0.072339, 0.061281 )
  UAext_W_K = 108.141060
  Zonas_Adyacentes = ( "P01_E01", "P03_E01")
  UAint_W_K = ( 14.582475, 14.582475)
..

  "P03_E01" = ZONA
  NombreFichero = "P03_E01.rcc"
  Area_m2 = 64.000000
  Volumen_m3 = 26.112000
  Factores_peso_p = ( 1.000000, -0.820000 )
  Factores_peso_g = ( 679.804138, -685.260193, 17.920000, 0.000000, 0.000000, 0.000000, 0.000000, 0.000000, 0.000000, 0.000000, 0.000000, 0.000000, 0.000000, 0.000000, 0.000000, 0.000000, 0.000000, 0.000000, 0.000000, 0.000000, 0.000000, 0.000000, 0.000000, 0.000000 )
  UAext_W_K = 177.844864
  Zonas_Adyacentes = ( "P02_E01")
  UAint_W_K = ( 14.582475)
..
