
  "P01_E01" = ZONA
  NombreFichero = "P01_E01.rcc"
  Area_m2 = 64.000000
  Volumen_m3 = 35.200001
  Factores_peso_p = ( 1.000000, -0.980662 )
  Factores_peso_g = ( 278.016357, -291.103333, 5.867768, 2.246196, 1.193462, 0.782291, 0.572748, 0.444528, 0.357183, 0.293861, 0.246110, 0.209082, 0.179744, 0.156069, 0.136678, 0.120579, 0.107061, 0.095577, 0.085719, 0.077183, 0.069734, 0.063194, 0.057415, 0.052285 )
  UAext_W_K = 52.161781
  Zonas_Adyacentes = ( "P02_E01")
  UAint_W_K = ( 25.506142)
..

  "P02_E01" = ZONA
  NombreFichero = "P02_E01.rcc"
  Area_m2 = 64.000000
  Volumen_m3 = 227.200001
  Factores_peso_p = ( 1.000000, -0.976027 )
  Factores_peso_g = ( 313.688477, -335.707794, 10.453371, 4.755093, 2.413167, 1.382146, 0.895351, 0.645397, 0.503685, 0.414368, 0.352273, 0.305530, 0.268249, 0.237333, 0.211030, 0.188287, 0.168389, 0.150844, 0.135289, 0.121442, 0.109118, 0.098109, 0.088255, 0.079416 )
  UAext_W_K = 144.343201
  Zonas_Adyacentes = ( "P01_E01")
  UAint_W_K = ( 25.506142)
..

  "P03_E02" = ZONA
  NombreFichero = "P03_E02.rcc"
  Area_m2 = 64.000000
  Volumen_m3 = 26.112000
  Factores_peso_p = ( 1.000000, -0.971723 )
  Factores_peso_g = ( 181.282013, -211.268906, 11.178640, 7.172512, 4.651084, 3.033465, 1.987494, 1.307994, 0.864941, 0.575042, 0.384654, 0.259112, 0.175951, 0.120583, 0.083501, 0.058500, 0.041516, 0.029876, 0.021822, 0.016186, 0.012202, 0.009350, 0.007279, 0.005753 )
  UAext_W_K = 227.815613
..
