
  "P01_E01" = ZONA
  NombreFichero = "P01_E01.rcc"
  Area_m2 = 64.000000
  Volumen_m3 = 35.200001
  Factores_peso_p = ( 1.000000, -0.984844 )
  Factores_peso_g = ( 278.016388, -292.266052, 6.120361, 2.365409, 1.272962, 0.846629, 0.629669, 0.496746, 0.405722, 0.339144, 0.288360, 0.248470, 0.216426, 0.190216, 0.168442, 0.150116, 0.134489, 0.121021, 0.109312, 0.099052, 0.090001, 0.081975, 0.074816, 0.068405 )
  UAext_W_K = 52.161781
  Zonas_Adyacentes = ( "P02_E01")
  UAint_W_K = ( 14.582475)
..

  "P02_E01" = ZONA
  NombreFichero = "P02_E01.rcc"
  Area_m2 = 64.000000
  Volumen_m3 = 227.200001
  Factores_peso_p = ( 1.000000, -0.980489 )
  Factores_peso_g = ( 331.785492, -364.404327, 13.758325, 5.777373, 3.360471, 2.327152, 1.737699, 1.342083, 1.055503, 0.840052, 0.674616, 0.545784, 0.444370, 0.363836, 0.299413, 0.247540, 0.205485, 0.171201, 0.143110, 0.119992, 0.100892, 0.085052, 0.071875, 0.060881 )
  UAext_W_K = 110.141548
  Zonas_Adyacentes = ( "P01_E01", "P03_E01")
  UAint_W_K = ( 14.582475, 14.582475)
..

  "P03_E01" = ZONA
  NombreFichero = "P03_E01.rcc"
  Area_m2 = 64.000000
  Volumen_m3 = 26.112000
  Factores_peso_p = ( 1.000000, -0.820000 )
  Factores_peso_g = ( 679.804138, -685.260193, 17.920000, 0.000000, 0.000000, 0.000000, 0.000000, 0.000000, 0.000000, 0.000000, 0.000000, 0.000000, 0.000000, 0.000000, 0.000000, 0.000000, 0.000000, 0.000000, 0.000000, 0.000000, 0.000000, 0.000000, 0.000000, 0.000000 )
  UAext_W_K = 179.845352
  Zonas_Adyacentes = ( "P02_E01")
  UAint_W_K = ( 14.582475)
..
